{
 "cells": [
  {
   "cell_type": "code",
   "execution_count": 1,
   "id": "9ea3e262",
   "metadata": {},
   "outputs": [],
   "source": [
    "import numpy as np"
   ]
  },
  {
   "cell_type": "code",
   "execution_count": 2,
   "id": "42eb0b40",
   "metadata": {},
   "outputs": [
    {
     "data": {
      "text/plain": [
       "array([[0.54777259, 0.16453089, 0.28769653],\n",
       "       [0.08194119, 0.90265635, 0.01540247],\n",
       "       [0.45208571, 0.54531992, 0.00259437],\n",
       "       [0.12969381, 0.30616615, 0.56414004],\n",
       "       [0.78348779, 0.10470847, 0.11180374],\n",
       "       [0.2500398 , 0.34189977, 0.40806043],\n",
       "       [0.97137668, 0.00520808, 0.02341524],\n",
       "       [0.43689598, 0.1563421 , 0.40676193],\n",
       "       [0.48822489, 0.24069777, 0.27107734],\n",
       "       [0.30370646, 0.32885587, 0.36743768]])"
      ]
     },
     "execution_count": 2,
     "metadata": {},
     "output_type": "execute_result"
    }
   ],
   "source": [
    "np.random.dirichlet((1, 1, 1), 10)"
   ]
  },
  {
   "cell_type": "code",
   "execution_count": 3,
   "id": "1cbdb4bc",
   "metadata": {},
   "outputs": [],
   "source": [
    "N = 3\n",
    "x = np.random.uniform(0, 1, size=(N, N))"
   ]
  },
  {
   "cell_type": "code",
   "execution_count": 4,
   "id": "66080fbc",
   "metadata": {},
   "outputs": [],
   "source": [
    "y = np.linalg.eig(x)"
   ]
  },
  {
   "cell_type": "code",
   "execution_count": 5,
   "id": "44180ed0",
   "metadata": {},
   "outputs": [
    {
     "data": {
      "text/plain": [
       "array([ 1.72159257,  0.5570655 , -0.15424832])"
      ]
     },
     "execution_count": 5,
     "metadata": {},
     "output_type": "execute_result"
    }
   ],
   "source": [
    "y.eigenvalues"
   ]
  },
  {
   "cell_type": "code",
   "execution_count": 6,
   "id": "d5596743",
   "metadata": {},
   "outputs": [
    {
     "data": {
      "text/plain": [
       "array([[-0.81198065, -0.70370912, -0.65458496],\n",
       "       [-0.47945076,  0.70468928,  0.02446439],\n",
       "       [-0.33288796, -0.0905897 ,  0.7555925 ]])"
      ]
     },
     "execution_count": 6,
     "metadata": {},
     "output_type": "execute_result"
    }
   ],
   "source": [
    "y.eigenvectors"
   ]
  },
  {
   "cell_type": "code",
   "execution_count": 7,
   "id": "c42aec1c",
   "metadata": {},
   "outputs": [
    {
     "data": {
      "text/plain": [
       "array([[-1.39789985, -0.39201207,  0.10096863],\n",
       "       [-0.82541887,  0.39255808, -0.00377359],\n",
       "       [-0.57309744, -0.05046439, -0.11654887]])"
      ]
     },
     "execution_count": 7,
     "metadata": {},
     "output_type": "execute_result"
    }
   ],
   "source": [
    "np.dot(y.eigenvectors, np.diag(y.eigenvalues))"
   ]
  },
  {
   "cell_type": "code",
   "execution_count": 8,
   "id": "be6d7ffc",
   "metadata": {},
   "outputs": [
    {
     "data": {
      "text/plain": [
       "array([[0.99172582, 0.55935217, 0.97466984],\n",
       "       [0.350576  , 0.94163541, 0.26822877],\n",
       "       [0.41220456, 0.36457876, 0.19104853]])"
      ]
     },
     "execution_count": 8,
     "metadata": {},
     "output_type": "execute_result"
    }
   ],
   "source": [
    "x"
   ]
  },
  {
   "cell_type": "code",
   "execution_count": 9,
   "id": "faf52d94",
   "metadata": {},
   "outputs": [
    {
     "data": {
      "text/plain": [
       "array([[-1.39789985, -0.39201207,  0.10096863],\n",
       "       [-0.82541887,  0.39255808, -0.00377359],\n",
       "       [-0.57309744, -0.05046439, -0.11654887]])"
      ]
     },
     "execution_count": 9,
     "metadata": {},
     "output_type": "execute_result"
    }
   ],
   "source": [
    "np.dot(x, y.eigenvectors)"
   ]
  },
  {
   "cell_type": "code",
   "execution_count": null,
   "id": "61758458",
   "metadata": {},
   "outputs": [],
   "source": []
  }
 ],
 "metadata": {
  "kernelspec": {
   "display_name": "deep_learning",
   "language": "python",
   "name": "python3"
  },
  "language_info": {
   "codemirror_mode": {
    "name": "ipython",
    "version": 3
   },
   "file_extension": ".py",
   "mimetype": "text/x-python",
   "name": "python",
   "nbconvert_exporter": "python",
   "pygments_lexer": "ipython3",
   "version": "3.12.8"
  }
 },
 "nbformat": 4,
 "nbformat_minor": 5
}
